0 0
0 1
0 2
0 3
0 4
0 5
0 6
0 7
0 8
0 9
0 10
0 11
0 12
0 13
0 14
0 15
0 16
0 17
0 18
0 19
1 0
1 1
1 2
1 3
1 4
1 5
1 6
1 7
1 8
1 9
1 10
1 11
1 12
1 13
1 14
1 15
1 16
1 17
1 18
1 19
2 0
2 1
2 2
2 3
2 4
2 5
2 6
2 7
2 8
2 9
2 10
2 11
2 12
2 13
2 14
2 15
2 16
2 17
2 18
2 19
3 0
3 1
3 2
3 3
3 4
3 5
3 6
3 7
3 8
3 9
3 10
3 11
3 12
3 13
3 14
3 15
3 16
3 17
3 18
3 19
4 0
4 1
4 2
4 3
4 4
4 5
4 6
4 7
4 8
4 9
4 10
4 11
4 12
4 13
4 14
4 15
4 16
4 17
4 18
4 19
5 0
5 1
5 2
5 3
5 4
5 5
5 6
5 7
5 8
5 9
5 10
5 11
5 12
5 13
5 14
5 15
5 16
5 17
5 18
5 19
6 0
6 1
6 2
6 3
6 4
6 5
6 6
6 7
6 8
6 9
6 10
6 11
6 12
6 13
6 14
6 15
6 16
6 17
6 18
6 19
7 0
7 1
7 2
7 3
7 4
7 5
7 6
7 7
7 8
7 9
7 10
7 11
7 12
7 13
7 14
7 15
7 16
7 17
7 18
7 19
8 0
8 1
8 2
8 3
8 4
8 5
8 6
8 7
8 8
8 9
8 10
8 11
8 12
8 13
8 14
8 15
8 16
8 17
8 18
8 19
9 0
9 1
9 2
9 3
9 4
9 5
9 6
9 7
9 8
9 9
9 10
9 11
9 12
9 13
9 14
9 15
9 16
9 17
9 18
9 19
9 280
10 0
10 1
10 2
10 3
10 4
10 5
10 6
10 7
10 8
10 9
10 10
10 11
10 12
10 13
10 14
10 15
10 16
10 17
10 18
10 19
11 0
11 1
11 2
11 3
11 4
11 5
11 6
11 7
11 8
11 9
11 10
11 11
11 12
11 13
11 14
11 15
11 16
11 17
11 18
11 19
12 0
12 1
12 2
12 3
12 4
12 5
12 6
12 7
12 8
12 9
12 10
12 11
12 12
12 13
12 14
12 15
12 16
12 17
12 18
12 19
13 0
13 1
13 2
13 3
13 4
13 5
13 6
13 7
13 8
13 9
13 10
13 11
13 12
13 13
13 14
13 15
13 16
13 17
13 18
13 19
14 0
14 1
14 2
14 3
14 4
14 5
14 6
14 7
14 8
14 9
14 10
14 11
14 12
14 13
14 14
14 15
14 16
14 17
14 18
14 19
15 0
15 1
15 2
15 3
15 4
15 5
15 6
15 7
15 8
15 9
15 10
15 11
15 12
15 13
15 14
15 15
15 16
15 17
15 18
15 19
16 0
16 1
16 2
16 3
16 4
16 5
16 6
16 7
16 8
16 9
16 10
16 11
16 12
16 13
16 14
16 15
16 16
16 17
16 18
16 19
17 0
17 1
17 2
17 3
17 4
17 5
17 6
17 7
17 8
17 9
17 10
17 11
17 12
17 13
17 14
17 15
17 16
17 17
17 18
17 19
18 0
18 1
18 2
18 3
18 4
18 5
18 6
18 7
18 8
18 9
18 10
18 11
18 12
18 13
18 14
18 15
18 16
18 17
18 18
18 19
19 0
19 1
19 2
19 3
19 4
19 5
19 6
19 7
19 8
19 9
19 10
19 11
19 12
19 13
19 14
19 15
19 16
19 17
19 18
19 19
20 6
21 6
22 6
23 7
24 7
25 7
26 7
27 7
28 7
29 7
30 7
31 7
31 227
32 7
33 7
34 7
35 7
36 7
37 7
38 7
39 7
40 7
41 7
42 7
43 7
44 7
45 7
46 7
47 7
48 7
49 8
50 9
51 10
52 11
53 12
54 13
55 13
56 14
56 126
57 15
58 16
59 17
60 18
61 19
62 20
63 20
64 21
65 21
66 21
67 21
68 21
69 21
70 21
71 21
72 21
73 21
74 21
75 21
76 21
77 21
78 21
79 21
80 21
81 21
82 21
83 21
84 21
85 21
86 21
87 21
88 21
89 21
90 21
91 21
92 21
93 21
94 21
95 21
96 21
97 21
98 21
99 21
100 21
101 21
102 21
103 21
104 21
105 21
106 21
107 21
108 21
109 21
110 21
111 21
112 21
113 21
114 21
115 21
116 21
117 21
118 21
119 21
120 21
121 21
122 21
123 21
124 21
125 21
126 21
127 21
128 21
129 21
130 21
131 21
132 21
133 21
134 21
135 21
136 21
137 21
138 21
139 21
140 21
141 21
142 21
143 21
144 21
145 21
146 21
147 21
148 21
149 21
150 21
151 21
152 21
153 21
154 21
155 21
156 21
157 21
158 21
159 21
160 21
161 21
162 21
163 21
164 21
165 21
166 21
167 21
168 21
169 21
170 21
171 21
172 21
173 21
174 21
175 21
176 21
177 21
178 21
179 21
180 21
181 21
182 21
183 21
184 21
185 21
186 21
187 21
188 21
189 21
190 21
191 21
192 21
193 21
194 21
195 22
196 22
197 22
198 22
199 22
200 22
201 22
202 23
202 65
203 24
204 25
205 26
206 27
207 28
208 28
209 28
210 28
211 28
212 29
212 491
212 494
212 496
213 29
214 30
215 30
216 30
217 30
218 30
219 30
220 30
221 30
222 30
223 30
224 30
225 30
226 30
227 30
228 30
229 30
230 30
231 30
232 30
233 30
234 30
235 30
236 30
237 30
238 30
239 30
240 30
241 30
242 30
243 30
244 30
245 30
246 30
247 30
248 30
249 30
250 31
251 31
252 31
253 31
254 31
255 31
256 31
257 31
258 31
259 31
260 31
261 31
262 31
263 31
264 31
265 31
266 31
267 31
268 31
269 31
270 31
271 31
272 31
273 31
274 31
275 32
276 32
277 32
278 33
279 33
280 34
281 34
282 34
283 34
284 34
285 34
286 34
287 34
288 34
289 34
290 34
291 34
292 35
293 35
294 35
295 35
296 35
297 35
298 35
299 35
300 35
301 35
302 35
303 35
304 35
305 35
306 35
307 35
308 35
309 35
310 35
311 35
312 35
313 35
314 35
315 35
316 35
317 35
318 35
318 250
319 35
320 35
321 35
322 35
323 36
324 37
325 38
326 38
327 38
328 38
329 38
330 38
331 38
332 38
333 38
334 38
335 38
336 38
337 38
338 39
339 39
340 39
341 39
342 40
343 40
344 40
345 40
346 40
347 40
348 40
349 40
350 41
351 42
351 43
351 44
352 45
353 46
354 46
354 53
355 46
356 46
357 47
358 48
359 49
360 50
361 50
362 50
363 50
364 50
365 50
366 51
367 51
368 52
369 53
370 53
371 53
372 53
373 53
374 53
375 53
376 53
377 53
378 53
379 53
380 53
381 53
382 53
383 53
384 54
385 54
386 54
387 54
388 54
389 54
390 54
391 54
392 54
393 54
394 54
395 54
396 54
397 54
398 54
399 54
400 54
401 54
402 54
403 54
404 54
405 54
406 54
407 54
408 54
409 54
410 54
411 54
412 54
413 54
414 54
415 54
416 54
417 54
418 54
419 54
420 54
421 54
422 54
423 54
424 54
425 54
426 54
427 54
428 54
429 54
430 54
431 54
432 54
433 55
434 55
435 55
436 55
437 55
438 55
439 55
440 55
441 56
442 56
443 56
444 56
445 56
446 56
447 56
448 57
449 57
449 449
450 57
451 58
452 59
453 60
454 61
455 61
456 62
457 62
458 62
459 62
460 62
461 62
462 62
463 62
464 62
465 62
466 62
466 100
466 280
466 292
466 423
467 62
468 62
469 62
470 62
471 62
472 62
473 62
474 62
475 62
476 62
477 62
478 62
479 62
480 62
481 62
482 62
483 62
484 62
485 63
486 63
487 64
488 64
489 66
490 66
491 66
492 66
493 67
493 322
493 467
494 68
495 68
496 68
497 69
498 70
499 71
499 499
